16.2280567852236 33.7249204022843 4.25474814203138 80.9540983606557 53.8478912652409 60
18.9981682185926 40.5540253701925 4.1952931461602 92.4180327868852 51.0368259044573 60
19.0863990230499 35.3971041592965 4.52017223074201 80.6508196721311 54.5308814711173 50
20.0499160433522 49.4963865163997 4.39099917423617 87.0196721311475 46.7529482310614 50
18.1550908258281 35.1981098701167 4.35879438480594 79.6803278688525 45.9983969618229 60
19.568157533201 46.7059180269874 4.07160552082104 88.2934426229508 40.4979812112732 50
19.7208059838193 50.2860463940971 4.32641264598325 91.144262295082 37.1197281631021 60
20.0606014348954 43.7891039571436 4.14822460776218 89.726131147541 36.5080951429143 60
18.1077698061365 41.594860261788 3.69134127639495 79.4801639344262 38.4959024585249 60
17.5736528774233 46.3579622984788 4.46000943730093 92.266393442623 37.629422346592 70
20.9514577927034 42.8986203062617 4.38657543942433 86.9590163934426 39.9230461722966 100
21.1805831170814 55 4.70508434587708 88.9606557377049 37.1706975814511 100
19.1437948404824 46.0097538788093 4.28925327356376 84.6844262295082 39.5662602438537 90
17.5495344222256 41.663339566382 4.09460894184263 89.5368852459016 37.0177893264042 70
20.4263471225767 50.0034113306717 4.74932169399552 81.3180327868853 38.5978412952229 80
20.7994199358876 53.5335068479305 5.05455939601274 87.6083360655738 39.3623825704577 140
18.5942604182568 53.610072269672 4.85991506429161 86.870762295082 39.8720767539476 120
21.4664936650893 40.5009602264113 6.33744249144745 87.7172131147541 40.0759544273436 190
19.5956342543123 51.7303027240107 5.24035625811018 88.5533524590164 39.0565660603638 110
17.546176156312 52.1267751554051 5.0811018048838 78.2670491803279 39.2094743154108 110
18.1114333689513 33.6059028655178 4.60333844520467 81.5303278688525 37.0687587447531 110
17.9934361166234 42.563804518118 5.27043765483072 89.5399180327869 37.2216669998001 110
18.8609372614868 51.461060292111 4.90096732334552 85.9857950819672 39.1585048970618 100
18.746908868875 36.9105978672866 4.42108057095671 87.2622950819672 38.088147111733 100
17.038772706457 39.5373224844595 4.60156895127993 87.4066557377049 36.8648810713572 100
18.9474889329873 48.9836761510082 4.73958947740946 78.3640983606557 39.6172296622027 100
18.5200732712563 45.9641431242735 4.93865754394243 82.227868852459 38.5978412952229 110
17.4988551366204 38.8551826957093 3.99463253509496 85.7689508196721 36.8139116530082 60
18.6711952373683 41.7304290695911 3.7557508552554 84.5024590163934 37.1197281631021 60
16.1799725232789 39.6766816596756 3.78583225197593 78.2982868852459 34.7649410353788 60
17.6392917111891 48.0497296204579 3.63188628052377 89.085 32.3591844893064 50
16.3143031598229 46.9469853944509 3.87076796036334 84.4569672131148 30.1369178492904 70
20.0770874675622 43.1122706827715 4.05037159372419 87.229237704918 28.2510493703778 60
15.9795451076172 42.6723353717087 3.30629939837207 91.0563114754098 23.5618628822706 40
15.9795451076172 42.3740334563097 3.55845228264716 91.8114754098361 21.2070757545473 40
15.3816211265456 37.673598827513 3.03804411938186 83.8655737704918 23.9696182290626 30
17.9450465577774 36.2939050892 3.43157956824348 86.7163934426229 27.4763142114731 40
21.0537322546176 44.8418153332996 3.56376076442138 87.0196721311475 30.2490505696582 50
17.2607235536559 41.319679587608 4.75905391058157 86.5950819672131 38.1900859484309 120
19.9940467104259 48.9141860817709 3.33461130116787 83.1983606557377 35.8454927043774 50
20.4942756831018 36.6653610956689 3.19234398961897 90.5377049180328 36.4061563062163 40
16.5757899557319 32.5475059382423 3.42485549132948 88.2934426229508 37.680391764941 50
18.6782170660968 43.4046343558902 3.30983838622154 87.9901639344262 36.1003397961223 40
19.2333994809953 36.738009804417 3.22737996932877 88.2934426229508 38.4449330401759 50
20.510609067318 40.0079597715672 3.36646219181314 84.472131147541 36.6100339796122 50
20.3778049152801 40.8895992318189 3.35142149345287 81.9245901639344 38.1391165300819 50
20.2862158449092 48.4787992116036 3.0107939129409 80.3475409836066 35.6416150309814 40
16.8729964890856 45.1808005255976 3.1031614958122 82.8950819672131 35.6416150309814 40
15.2717142421004 44.4109769040279 3.03645157484959 90.2344262295082 35.8964621227264 30
19.2604182567547 45.2056906049426 2.70290197003657 81.1281803278688 35.6925844493304 20
15.7571363150664 49.4687168342851 2.74643152058511 90.2213852459016 37.986208275035 20
17.5905968554419 48.0516248041643 2.95593960127404 90.9774590163934 38.3939636218269 40
16.4460387727065 50.2267903168747 3.28011088828595 82.3716229508197 36.3042174695183 50
18.8794077240116 38.6801940668115 3.42556328889937 87.6741475409836 35.9984009594243 50
17.6594413066707 32.4171172992369 2.99752270850537 92.7213114754098 37.1706975814511 40
16.9262707983514 41.616212664881 3.20402264952224 82.3716229508197 37.2216669998001 50
19.5182414898489 43.2010916258149 3.32399433761944 80.5577131147541 38.3939636218269 40
17.3706304381011 36.6015565775509 3.18951279933939 87.9901639344262 35.6416150309814 40
18.8726911921844 43.7230252185779 2.92054972277929 80.137368852459 35.9474315410754 40
20.5324377957564 41.2595390913226 3.58269434941607 84.287737704918 36.6610033979612 60
16.741718821554 50.7787941577804 3.13023475286068 88.7180327868852 38.1391165300819 50
17.1126545565563 48.6113357254763 3.36221540639377 85.4956967213115 36.3042174695183 50
17.0580064112349 44.4768029514328 3.17960363336086 86.976606557377 37.4765140915451 40
17.6576095252633 39.7757365947339 3.14704494514569 84.8967213114754 38.088147111733 40
20.0999847351549 41.1664223985445 3.19871416774802 82.7355573770492 36.2532480511693 40
19.0009158907037 45.2793500783343 2.90285478353191 89.8980901639344 36.1003397961223 40
18.1424210044268 42.7597665133674 3.43901144272738 92.1147540983607 35.9984009594243 50
17.7055411387574 35.4103704452418 3.68780228854548 92.4410819672131 35.480755546672 70
19.1746298275072 44.5422499620963 3.05007667807007 83.1759180327869 34.3339436338197 40
17.8175851015112 49.1980846010007 2.93116668632771 91.9934426229508 32.8892664401359 30
17.9058159059686 37.1804720270885 2.9049781762416 92.7243442622951 30.8164421347192 20
19.6241795145779 48.5153130843483 2.9892060870591 86.1477459016393 29.1821587047771 30
19.010380094642 50.6798655683024 3.30099091659785 84.8967213114754 28.9136518089147 40
17.7482827049305 33.7487997169859 3.28683496519995 87.5479836065574 29.5899140515691 50
15.8484200885361 46.3366098953859 3.58322519759349 81.1642704918033 31.6076913851689 60
16.2051595176309 39.2603729721534 3.67877786952931 89.8704918032787 33.1746951828903 60
16.4767211112807 34.9108000202153 3.71239825409933 84.8384918032787 35.4921726963822 70
18.2266829491681 49.9581796128771 3.36823168573788 79.2739344262295 35.5080751549071 60
20.3991756983667 39.736822155961 5.04659667335142 92.6909836065574 37.680391764941 140
17.2062280567852 34.2300500328499 4.39453816208564 91.7811475409836 39.2094743154108 110
20.6605098458251 42.4557790468489 3.86015099681491 82.4704918032787 38.037177693384 90
17.7937719432148 41.4206297063729 3.64958121977115 82.8040983606557 37.1197281631021 60
18.1550908258281 44.5134431697579 3.35142149345287 90.2647540983607 36.0493703777733 60
19.9616852388948 43.1850457371001 3.44608941842633 84.0475409836066 38.8017189686188 60
19.3080445733476 32.3424470612018 3.05591600802171 84.9877049180328 37.0687587447531 50
19.7725538085788 48.1001415070501 3.60251268137313 87.777868852459 35.9704697181691 60
19.6199053579606 43.3077272956992 3.14067476701663 80.0139344262295 34.5378213072157 50
16.5796061669974 35.7089250518017 2.88692933820927 79.4073770491803 32.4407355586648 30
16.3668142268356 39.9350583716582 3.14810664150053 84.6844262295082 31.1687427543474 40
18.6650892993436 34.2217112245414 3.35230624041524 84.3811475409836 29.8290625624625 30
17.2416424973287 48.5816445140749 4.11495812197711 77.2540983606557 33.1339196482111 50
18.8777285910548 45.4489058472735 3.73027014273918 82.7661885245902 34.5855286827903 60
18.757288963517 49.1289735685046 4.54724548779049 78.7783770491803 35.7392724365381 60
18.7250801404366 32.2691666245515 3.69735755573906 80.1049180327869 36.1513092144713 50
19.0314455808274 36.7885480365897 4.02825291966498 80.5674180327869 34.8464921047372 50
19.6420393833003 44.3555111942184 3.72478471157249 83.054 33.541674995003 50
15.8868874980919 48.0838429271744 4.04329361802524 81.6364754098361 32.4407355586648 60
19.3062127919402 37.3246323343609 4.29987023711219 76.9935819672131 30.9524285428743 60
16.4974813005648 41.2397028351948 4.29190751445087 75.4423114754098 29.6781930841495 60
17.9629064264998 41.1942184262395 4.51044001415595 74.8885245901639 28.2510493703778 60
21.799267287437 38.5911204326073 7.5 77.6808114754098 31.7169698181091 190
21.9119218439933 51.2749532521352 7.20449451456883 75.7377049180328 35.0197881271237 170
17.9705388490307 48.730984990145 5.32175297864811 74.6841147540984 36.671197281631 90
19.5347275225156 41.2399555263557 4.36888050017695 78.8311475409836 37.4255446731961 60
16.9737444664937 39.5876080254713 6.55190515512563 77.0239098360656 40.3817709374375 130
20.0773927644634 39.0277707585789 5.74466202666037 76.6475409836066 38.4449330401759 140
20.3747519462677 48.7572648708748 3.84422555149227 74.3650655737705 37.833300019988 50
17.3523126240269 44.599231818871 4.62545711926389 81.4696721311475 36.6610033979612 60
17.7186689055106 41.0949108000202 4.0429397192403 77.0797131147541 36.5080951429143 60
20.527400396886 33.5366654874412 4.0962014863749 79.1113770491803 38.1900859484309 60
22.420241184552 48.4055187749533 6.55792143446974 77.7517786885246 39.9740155906456 200
16.5280109906884 33.3113913175317 4.59024419016161 72.4095245901639 37.3236058364981 70
15.7342390474737 45.0549603274877 4.7838268255279 75.1918032786885 36.1513092144713 50
18.5124408487254 34.9821852731591 3.7840627580512 72.4319672131148 37.4765140915451 40
15.4527553045337 42.5799767524132 3.7415949038575 73.1295081967213 38.2410553667799 40
15.1785986872233 35.07024814272 3.62303881090008 74.4032786885246 38.4959024585249 30
18.2376736376126 44.7018244301814 3.96632063229916 76.9508196721311 37.884269438337 30
18.6446344069608 46.7126143427503 4.04683260587472 80.5598360655738 38.3429942034779 30
17.4255838803236 43.8232172638601 3.8008729503362 82.4098360655738 36.5080951429143 30
20.0511372309571 42.4167382624956 3.5844638433408 80.7135983606557 36.6031021387168 40
17.9781712715616 47.2411179056957 4.38109000825764 76.3973360655738 34.5378213072157 50
15.5999084109296 33.5202405619851 3.75486610829303 77.8 32.6446132320608 40
20.2984277209586 39.9470612017992 3.48466438598561 75.148737704918 31.1791405156906 40
17.9491680659441 36.7891797644918 3.59578860445912 76.6150901639344 29.5562742354587 40
16.8852083651351 42.0579168140698 3.96189689748732 71.6434426229508 27.8942634419348 60
18.4513814684781 40.4159296507808 3.84316385513743 72.8083360655738 30.2704577253648 60
18.1460845672416 32.3020164754637 4.04329361802524 78.1639344262295 37.5274835098941 80
19.1535643413219 33.3003992520342 4.2512091541819 87.8688524590164 37.5784529282431 90
16.4058922301939 37.2091524738465 3.60976760646455 88.172131147541 39.3114131521087 70
19.3869638223172 43.8930863698388 3.39654358853368 76.6475409836066 36.5590645612632 40
15.4762631659289 35.5048769394047 3.19659077503834 89.0819672131148 37.935238856686 40
20.1457792703404 39.3293576590691 2.92231921670402 78.7704918032787 36.9668199080552 30
16.741718821554 39.7816748370142 3.24171287011915 87.4745901639344 37.986208275035 50
19.0909784765685 45.0223631677364 3.05503126105934 91.5051639344262 37.986208275035 50
15.9052053121661 36.284555516248 3.39742833549605 90.8540245901639 37.2726364181491 60
16.2471378415509 41.2199929246475 3.23905862923204 83.1983606557377 38.4449330401759 50
16.1524958021676 32.9831454995704 3.30895363925917 85.0156065573771 37.5784529282431 60
16.3826896656999 38.1356446151514 3.33815028901734 89.1453524590164 37.2726364181491 60
19.4909174171882 37.3378986203063 3.24082812315678 84.1991803278688 39.1075354787128 60
18.0876202106549 33.7971900742912 3.14881443907043 92.7243442622951 38.1391165300819 50
20.1305144252786 39.144893111639 3.14456765365106 88.5636639344262 38.7507495502698 50
16.222714089452 39.0387628240764 2.98159726318273 87.0196721311475 37.986208275035 50
20.2526331857732 32.4775104866832 3.02388816798396 86.7594590163934 38.2920247851289 50
19.7160738818501 34.7403598322131 3.05644685619913 83.9844590163934 37.5274835098941 50
19.1186078461304 36.056501743569 3.279756989501 84.0475409836066 36.2022786328203 60
18.0346511982903 31.5161469651792 3.32576383154418 82.4553278688525 37.0108574855087 60
17.6089146695161 40.6820134431698 3.05857024890881 86.3524590163934 33.5530921447132 40
18.2608762021065 34.0573356243999 2.93116668632771 83.2438524590164 32.8892664401359 30
16.5796061669974 37.3687269419316 2.93293618025245 84.0475409836066 31.0099220467719 30
18.3633033124714 30.7403851013292 3.00460068420432 78.9827868852459 29.14811113332 30
17.6698214013128 45.9776621013797 3.22932641264598 81.2573770491803 27.4865080951429 40
19.5580827354602 38.3247839490575 3.64427273799693 83.337262295082 29.7941994803118 50
17.3248359029156 36.4605549097893 3.69771145452401 81.7047131147541 31.4211433140116 50
17.7629369561899 36.4181027947642 3.54164209036216 83.3803278688525 32.481511093344 50
15.2869790871623 41.3353464395815 3.08334316385514 81.4569344262295 34.0996881870877 40
16.357044725996 41.5880376004447 3.42662498525422 81.2397868852459 36.3445852488507 50
19.9168065944131 43.6179056956588 3.44874365931344 78.3459016393443 36.2532480511693 40
18.1392153869638 42.0961995249406 3.33071841453344 73.8149180327869 36.8648810713572 40
16.5203785681575 36.8270834386213 3.44007313908222 78.3686475409836 38.6997801319208 40
15.4900015264845 36.8270834386213 3.26737053202784 73.9786885245902 36.1003397961223 40
17.2454587085941 46.7231010259261 4.02754512209508 74.8054262295082 36.3042174695183 50
18.7337811021218 46.0153130843483 4.08646926978884 72.5047540983607 37.5274835098941 50
16.0834987024882 35.9928235710315 4.09903267665448 80.2868852459016 37.680391764941 50
18.1373836055564 33.9455197857179 3.29178954818922 78.9497295081967 34.3278273036178 30
19.4512288200275 46.1040076818113 2.99274507490858 75.7804672131148 32.844005596642 20
19.4910700656388 38.251756203568 3.52217765719004 78.0426229508197 31.7067759344393 30
16.9694703098764 41.5560721685955 3.01681019228501 82.9933442622951 29.6209034579252 20
15.9210807510304 45.2241370596857 3.37530966143683 75.8408196721311 29.0176294223466 40
19.7440085483132 37.3198312023045 3.40627580511974 81.5606557377049 27.8942634419348 50
17.0921996641734 43.8804518117956 3.91235106759467 89.233606557377 25.763741754947 60
17.71851625706 33.43091423662 3.26914002595258 82.2885245901639 25.2948231061363 50
18.1222714089452 35.9569414261889 3.55845228264716 82.3491803278689 24.1225264841095 40
18.90123645245 43.0729772072573 3.25675356847941 83.9262295081967 23.8880671597042 40
19.6102885055717 43.4368524789003 3.21428571428571 78.4672131147541 21.625024985009 50
15.2289726759273 42.8451761257391 3.22932641264598 82.1975409836066 19.3314011593044 40
19.1718821553961 43.980391165917 3.29957532145806 86.9010901639344 22.3080151908855 40
15.8075103037704 37.5030322939304 3.7550430576855 79.5872213114754 24.4079552268639 50
16.1372309571058 42.7270430080356 3.60003538987849 79.3770491803279 22.0837497501499 50
18.8849030682339 43.5985748218527 3.43865754394243 88.7917295081967 23.898261043374 50
15.9845825064876 41.7736392580988 3.15836970626401 85.8038278688525 24.6322206675994 40
16.0227446191421 42.7600192045282 3.3646926978884 88.7786885245902 25.6516090345793 30
18.4712257670585 40.1421387779855 2.93081278754276 88.4754098360656 23.541475114931 20
17.9293237673638 33.245312578966 2.8044709213165 82.5614754098361 23.1948830701579 20
18.2544649671806 42.5763127305807 3.09749911525304 82.5614754098361 22.6749950029982 20
15.8945199206228 32.4078940718654 3.49811253981361 81.105737704918 22.940035978413 50
19.4710731186078 34.8557133471471 3.37495576265188 83.4713114754098 23.8065160903458 50
17.1662341627232 39.2994137565068 3.42485549132948 82.2885245901639 23.4599240455727 50
18.0867043199512 36.2349017031384 3.549427863631 86.8607540983607 24.75352788327 40
17.2149290184705 33.3791125486431 3.07591128937124 77.454262295082 25.2587367579452 40
16.8333078919249 37.7115025016425 3.32399433761944 87.444262295082 21.9614231461123 50
17.0012211876049 33.7870824278567 3.34947505013566 87.2853442622951 24.8416030381771 40
17.688139215387 31.6096426946985 3.50377492037277 87.7244918032787 24.0012192684389 50
16.2874370325141 38.6024915348461 3.17889583579096 84.2295081967213 24.4079552268639 50
15.6360860937261 40.2454894627786 3.5703078919429 87.8688524590164 21.1491744953028 50
15.5886124255839 38.760549855966 3.44113483543706 85.1393442622951 24.8340595642614 40
19.2697298122424 42.4572951938141 3.13377374071016 89.9918032786885 23.1031381171297 40
15.3205617462983 37.7999444079446 3.29639023239354 87.8688524590164 21.6384809114531 50
18.5437337811021 42.4490827310861 3.0182257874248 77.2540983606557 22.1691744953028 20
16.6505876965349 33.7755849800374 2.99752270850537 78.4672131147541 21.5434739156506 20
17.2051595176309 35.39811492394 3.33991978294208 86.5165327868853 27.0426664001599 50
15 41.4191135594077 2.96867995753215 86.9820655737705 27.2585728562862 30
15.5309113112502 37.4418810330015 3.33284180724313 80.2565573770492 30.6058364981011 50
19.4223782628606 45.2750543285996 3.60003538987849 84.9143114754098 32.7506296222267 50
19.187910242711 42.0767423055541 6.1672171758877 92.9011557377049 38.1248450929442 200
16.3416272324836 38.9405923080811 4.61130116786599 79.3770491803279 37.0687587447531 110
17.7325599145169 43.8700914742002 3.83201604341158 79.7582704918033 35.6106256246252 80
19.1402839261181 48.0104361449436 3.17960363336086 81.3359262295082 31.9012752348591 50
17.378262860632 47.2806640723708 3.26383154417836 86.2463114754098 29.6781930841495 50
18.4147458403297 48.4666700358821 3.14138256458653 87.5886229508197 26.8603997601439 50
19.0912837734697 46.7548137666144 3.34275097322166 86.2132540983607 22.2674435338797 40
17.6402076018928 36.72423813615 3.13023475286068 88.7786885245902 23.1541075354787 40
15.4145931918791 32.70783847981 3.1523534269199 84.5758524590164 23.0011992804317 30
20.0882308044573 41.7032647697984 5.78447563996697 86.4713442622951 25.3865680591645 180
18.6482979697756 44.9164855713347 3.30718414533443 78.4065573770492 33.2970217869278 60
17.5127461456266 40.9858745641077 3.52837088592663 86.7770491803279 35.1798321007396 70
16.94321477637 35.6650831353919 4.30252447799929 83.3803278688525 37.4522526484109 110
16.3081972217982 36.2600444736443 3.90438834493335 83.9262295081967 38.8017189686188 90
17.4988551366204 46.4966897457927 3.73699421965318 87.7141803278688 36.8952588446932 60
18.7505724316898 32.0973366351645 3.7483189807715 85.8802540983607 35.4140875474715 70
15.9357350022897 37.2845807853641 4.17865990326767 80.969262295082 33.8271037377573 80
15.5251106701267 34.8293071208369 3.70939011442727 82.5080983606557 31.6354187487508 60
16.786902762937 31.9445848284227 3.55261295269553 75.0626065573771 29.6584169498301 40
18.6373072813311 37.4470612017992 3.02406511737643 73.9786885245902 28.7097741355187 30
19.6508929934361 41.8327689897407 4.28252919664976 72.8080327868852 29.997669398361 70
18.0523584185621 43.6910597867287 3.88881679839566 75.2500327868852 31.3760863481911 50
17.6200580064112 45.6403194016273 4.43523652235461 73.8270491803279 33.4601239256446 80
20.0022897267593 34.670364380654 4.15353308953639 76.6299508196721 35.2275394763142 80
19.5443443749046 37.2500884419063 4.20166332428925 73.4303606557377 36.2289866080352 50
19.6115096931766 34.1145701723354 3.44431992450159 74.1 38.3939636218269 40
18.4452755304534 43.5912467781877 3.43370296095317 75.4620245901639 35.6509934039576 50
16.7539306976034 35.9625006317279 3.96101215052495 77.8636885245902 33.9435178892664 40
19.061975270951 36.8460352756861 3.26737053202784 69.9754098360656 33.0523685788527 40
17.7516409708441 34.2553191489362 3.88881679839566 77.109737704918 31.3656885868479 50
16.0430468630743 35.0816192449588 3.38044119381857 70.9176967213115 29.6588247051769 30
16.23950541902 44.7438975084652 2.99309897369352 77.9213114754098 28.6384169498301 30
15.3281941688292 40.6940162733108 3.0107939129409 69.265737704918 26.8204397361583 20
15.1114333689513 30.2956486582099 3.07768078329598 74.0117459016393 27.8410513691785 20
15.887650740345 43.2214332642644 3.83626282883095 75.4495901639344 26.7627423545872 50
18.7108838345291 41.4376863597311 3.81662144626637 71.9946393442623 26.623086148311 40
19.5046557777439 44.0261282660333 4.73251150171051 72.7279672131148 27.2528642814311 50
16.5738055258739 32.3708748167989 4.55113837442491 66.3360655737705 26.9054567259644 40
17.1996641734086 31.1371102238844 4.83956588415713 71.7574754098361 28.4070157905257 60
17.3217829339032 39.7365694648001 4.57679603633361 72.0953278688525 30.1717809314411 40
18.6040299190963 32.6186385000253 3.79998820337384 68.7622950819672 31.9514291425145 40
15.6579148221646 35.8415879112549 4.56352483189808 68.2188196721311 33.2617509494303 50
18.7305754846588 39.9201495931672 3.47351657425976 67.6680655737705 34.6403717769338 40
16.9340558693329 38.9206297063729 3.6168455821635 65.6991803278688 36.7119728163102 40
15.3784155090826 31.6253095466721 3.94897959183673 65.3049180327869 37.73136118329 30
18.6895130514425 32.58490423005 3.27055562109237 68.2467213114754 36.0493703777733 30
16.0517478247596 37.3692323242533 3.41600802170579 63 35.8964621227264 30
16.6686002137078 38.9081214939101 3.74053320750265 63.6065573770492 36.4061563062163 40
19.1779880934209 35.9268711780462 4.54618379143565 65.0016393442623 38.9036578053168 80
19.7632422530911 43.282205488452 4.70773858676419 63.5762295081967 38.2410553667799 70
19.1262402686613 31.4656087330065 4.78099563524832 65.6764344262295 36.4571257245653 80
18.8607846130362 31.2230252185779 4.21546537690221 68.2900901639344 37.629422346592 70
17.3213249885514 44.3857077879416 4.0247139318155 69.2475409836066 38.9036578053168 80
18.5258739123798 44.4236114620711 3.83573198065353 69.8210409836066 38.4449330401759 80
19.9955731949321 33.0182695709304 4.20520231213873 72.7179590163935 39.0055966420148 100
17.5757899557319 42.4800373982918 4.05921906334788 69.7631147540984 39.7191684989007 90
18.7043199511525 39.4368777480164 3.96968267075616 71.4311475409836 39.7701379172496 100
17.3275835750267 36.2341436296558 3.76530612244898 71.1581967213115 36.8139116530082 90
17.1877575942604 41.5589781169455 3.97162911407337 76.1016393442623 38.4449330401759 110
18.662952221035 34.6900742912013 3.52819393653415 70.2786885245902 39.7191684989007 90
18.1479163486491 37.1754182038712 3.66179072785183 79.0737704918033 38.8526883869678 100
17.7027934666463 43.7064739475413 3.5319098737761 76.7081967213115 38.5468718768739 100
20.3036177682797 33.8743872239349 3.57561637371712 80.3475409836066 36.5274635218869 110
19.7974355060296 34.8995552635569 3.31514686799575 83.6229508196721 34.8544433339996 100
17.4283315524347 43.418911406479 3.01344815382801 85.1393442622951 33.4193483909654 90
17.1050221340253 36.7070551372113 2.96584876725257 82.7131147540984 32.1811992804317 90
20.5931918791024 45.1233132865012 4.63908222248437 87.0196721311475 32.887227663402 180
16.8667379026103 42.7999444079446 3.58941842633007 88.566393442623 29.8820707575455 140
16.4846588307129 40.2701268509628 2.98407455467736 90.7469672131147 29.8514891065361 100
16.6511982903374 46.5549350583717 3.36929338209272 83.868 29.0563661802918 110
17.7311860784613 40.3830797998686 4.06541229208446 88.0508196721312 31.0135918448931 150
19.4344374904595 38.3933895992318 3.79255632888994 89.1656721311475 35.8565020987408 130
18.0422836208212 41.5220852074594 3.75008847469624 79.8804918032787 37.6288107135719 130
16.5768584948863 45.5422752312124 3.27621800165153 91.2049180327869 39.3623825704577 110
20.1610441154022 42.4315206954061 4.24413117848295 86.976606557377 33.8226184289426 170
16.8577316440238 44.8974073886895 2.31892178836853 85.6245901639344 33.2562462522487 60
15.6808120897573 31.2687623186941 1.94237348118438 84.4345245901639 34.2081511093344 30
15.5663257517936 33.1003941982109 1.86593134363572 84.1458032786885 36.6304217469518 30
15.3373530758663 45.0174356900996 2.08800283119028 75.1311475409836 36.9668199080552 30
15.8174324530606 32.6362005357053 2.21452164680901 79.058606557377 36.2563062162702 40
18.329873301786 34.3034568150806 2.31679839565884 76.344262295082 35.0844173495902 50
19.9091741718822 40.3797948147774 2.28087766898667 86.8831967213115 32.6038376973816 50
19.3965806747062 33.3359023601354 1.90839919782942 83.5622950819672 31.2034019588247 40
16.786902762937 43.7014201243241 1.99050371593724 87.4594262295082 29.9988926644014 40
19.6102885055717 39.6649315206954 2.06057567535685 85.8368852459016 28.2612432540476 50
17.1621126545566 32.1588669328347 2.28724784711572 83.6002049180328 28.603349990006 50
18.2926270798351 41.5265073027746 2.14692697888404 86.9966229508197 28.0787727363582 40
16.3997862921691 32.7583767119826 2.28530140379851 84.1536885245902 28.0675594643214 60
19.3916959242864 36.5527871835043 2.13064763477645 86.082237704918 26.8200319808115 40
16.510609067318 31.5487441249305 2.01156069364162 88.6291721311475 25.7841295222866 40
17.1950847198901 45.0264062263102 2.25964374188982 84.2295081967213 26.6608035178893 50
19.5351854678675 39.0548087127912 2.02695529078683 79.3922131147541 26.9250289826104 40
18.8406350175546 38.4446859048871 1.9536982423027 78.1639344262295 26.4234899060564 30
18.9856510456419 37.661595997372 1.72260233573198 82.2430327868852 26.1613032180692 30
16.8485727369867 33.0703239500682 1.69322873658134 81.3180327868853 27.2069918049171 30
19.4588612425584 37.9825137716683 1.87991034564115 87.1106557377049 27.1507215670598 40
15.1847046252481 39.0548087127912 2.13577916715819 82.2885245901639 26.8340995402758 40
15.3312471378416 42.8818163440643 2.18302465494868 79.5772131147541 28.8117129722167 50
17.692108075103 41.9867842522869 2.09702725020644 90.2474672131148 30.6466120327803 40
18.1128072050069 37.3454793551322 2.19682670756164 79.7106557377049 32.5222866280232 40
17.3765837276752 39.8669581038055 2.07968620974401 86.6226803278688 34.1940835498701 40
15.4089451992062 44.0006064587861 2.25982069128229 79.1668770491803 35.2950229862083 50
15.4089451992062 41.2002830141002 2.32511501710511 82.2885245901639 37.2216669998001 50
17.0673179667226 32.5552130186486 2.37129880854076 83.4713114754098 35.967819308415 50
18.0548007937719 41.6680143528579 2.17453108410994 79.6196721311475 34.6222266640016 40
16.8485727369867 36.1755192803356 2.43482364043883 89.3852459016393 32.2368578852688 50
17.7980460998321 35.2342447061202 2.31042821752979 89.0819672131148 30.7485508694783 40
16.1616547092047 31.6093900035377 2.32741535920727 83.1680327868852 28.9646212272636 40
16.4700045794535 40.5286299085258 1.92432464315206 87.2926229508197 26.7933240055966 20
17.0317508777286 39.331379188356 2.15471275215288 88.9333606557377 27.5841655006996 30
16.1112807205007 34.2565826047405 2.08322519759349 83.1149590163934 27.7898780731561 30
18.7997252327889 36.6841865871532 2.30476583697063 84.7450819672131 27.0583649810114 40
19.2054648145321 40.1992469803406 2.38333136722897 83.9793032786885 27.9005836498101 50
19.1535643413219 43.9338959923182 2.26052848885219 85.0052950819672 28.2859124525285 40
18.8513204090978 33.8024965886693 2.23398607998113 85.1393442622951 28.5568658804717 40
17.1905052663715 31.5301713246071 2.46791317683143 90.2950819672131 27.9786687987208 50
15.2243932224088 40.4091069894375 2.23610947269081 82.7131147540984 27.228602838297 40
17.0598381926423 45.0449790266336 2.46048130234753 87.8688524590164 28.4141515090945 50
16.4516867653793 45.8134128468186 2.464020290197 81.8032786885246 28.3040575654607 50
15.8029308502519 30.9374842068024 2.32511501710511 88.7786885245902 26.5219628223066 40
18.3368951305144 44.0628948299389 2.52949156541229 81.8032786885246 25.763741754947 50
17.8865822011907 31.3052761914388 2.33838622154064 87.4212131147541 27.2510293823706 40
17.8633796366967 39.8160408348916 2.41182021941725 82.4729180327869 25.9949390365781 40
16.0670126698214 34.2476120685298 2.47109826589595 88.3389344262295 27.180691585049 40
16.6522668294917 33.8934654065801 2.52241358971334 88.1894180327869 26.5246132320608 40
17.2799572584338 31.4476676605852 2.37023711218591 87.7454180327869 27.9941635018989 30
16.427415661731 45.4107494819831 3.12581101804884 82.8950819672131 27.6292224665201 70
16.5249580216761 36.5213271339769 3.07272620030671 90.1282786885246 25.2540475714571 70
15.7446191421157 46.784252286855 3.04087530966144 85.594262295082 22.0462362582451 70
17.9583269729812 35.6424672764947 3.51863866934057 93.6311475409836 23.8676793923646 100
19.4087925507556 32.666270783848 2.96567181786009 84.805737704918 22.6953827703378 80
17.5003816211265 38.7667407894072 2.46313554323463 86.5344262295082 24.9380371776934 70
19.0268661273088 47.5439682619902 4.21404978176242 93.0245901639344 29.8311013391965 170
18.3991756983667 50.273411836054 3.55137430694821 90.6286885245902 33.9086548071157 180
20.3671195237368 38.8398948804771 2.91081750619323 94.1770491803279 34.6222266640016 130
18.9909937414135 36.1817102137767 1.8553143800873 96.2848360655738 34.8568898660804 70
18.3445275530453 33.8756506797392 1.506724076914 94.4196721311475 35.5767819308415 70
17.7484353533812 47.5902107444282 3.71062876017459 86.0491803278689 37.884269438337 180
17.0973897114944 36.7405367160257 3.66462191813141 88.2327868852459 38.934647211673 170
20.6580674706152 45.9176479506747 3.48678777869529 94.8412295081967 38.3939636218269 130
20.1949320714395 35.6346338505079 2.76837324525186 92.2036147540984 38.6488107135719 90
17.9314608456724 36.4110274422601 4.47328064173646 84.2901639344262 37.986208275035 140
19.2085177835445 34.2035174609592 3.06653297157013 84.9118852459016 38.1900859484309 60
16.4913753625401 33.0257239601759 2.95328536038693 78.5885245901639 38.5978412952229 50
17.0810563272783 33.8800727750543 3.37354016751209 81.8790983606557 36.9668199080552 60
17.9201648603267 36.0966796381463 3.20720773858676 84.472131147541 37.0687587447531 50
20.0389253549076 35.0587506949007 3.49828948920609 81.1209016393443 37.884269438337 60
21.9829033735308 34.6171728912923 4.94573551964138 81.0450819672131 38.5978412952229 140
22.7023355212945 45.4657098094709 6.09006724076914 88.943368852459 41.5030981411153 200
19.5651045641887 33.9512053368373 3.56110652353427 80.3627049180328 38.6488107135719 60
20.1268508624637 33.6024915348461 3.28435767370532 75.7659098360656 38.5978412952229 50
20.6571515799115 42.4283620558953 3.93871652707326 81.1488032786885 37.4255446731961 60
20.3823843687987 32.3716328902815 4.15654122920845 85.7459016393443 39.3623825704577 80
20.8632269882461 36.2255521301865 3.70655892414769 84.0809016393443 36.6100339796122 50
19.8313234620669 42.6547733360287 3.21924029727498 73.2083606557377 37.0177893264042 40
21.4493970386201 37.6147217870319 3.77875427627699 79.6954918032787 37.2216669998001 50
17.7858342237826 31.1676858543488 3.82511501710511 72.5047540983607 37.833300019988 50
19.6441764616089 39.4443321372618 3.25710746726436 73.5013278688525 36.4061563062163 40
20.5098458250649 39.1208874513569 2.98336675710747 78.8008196721312 36.6610033979612 30
16.5738055258739 41.3738818416132 3.36079981125398 79.2254098360656 38.1900859484309 30
22.9392459166539 45.5968565219589 5.90603987259644 83.0770491803279 40.8914651209274 200
18.2285147305755 37.6281144185576 5.45446502300342 79.4377049180328 39.1585048970618 190
17.6270798351397 33.0853590741396 4.03108410994456 74.6459016393443 37.2216669998001 110
21.3344527553045 43.0384848637995 3.95924265660021 75.9196721311475 36.8648810713572 100
17.1920317508777 46.371481275585 3.7982187094491 72.4622950819672 36.9668199080552 90
20.7350022897268 33.9616920200131 4.03568479414887 79.5317213114754 37.833300019988 110
20.444206991299 45.1319047859706 3.83785537336322 71.3886885245902 37.629422346592 100
19.5443443749046 33.0355789154495 3.9397782234281 77.4209016393443 39.6681990805517 110
21.8157533201038 35.2875625410623 3.75858204553498 73.2126065573771 37.4765140915451 100
20.9398565104564 49.8054278061353 3.5177539223782 84.077868852459 39.9230461722966 100
22.4026866127309 49.8061858796179 3.47086233337266 81.4393442622951 38.6997801319208 100
18.8323920012212 38.7432405114469 3.24967559278046 82.3188524590164 36.6610033979612 90
22.9500839566478 47.7231262950422 3.2372891353073 76.9508196721311 36.6610033979612 90
22.063959700809 35.9681861828473 3.56376076442138 76.9486967213115 40.1269238456926 110
20.8693329262708 46.4707889018042 4.17069718060635 80.8151967213115 38.5978412952229 140
17.1447107311861 43.3789862030626 3.69293382092721 73.5540983606557 39.8211073355986 110
20.9120744924439 39.4771819881741 3.58410994455586 73.8549508196721 38.2410553667799 100
19.4313845214471 46.2271946227321 3.78848649286304 74.2846967213115 37.5274835098941 110
23.3300259502366 44.747940567039 4.1919311077032 71.4918032786885 37.4765140915451 130
18.4271103648298 45.6889624500935 4.36658015807479 70.5819672131148 37.680391764941 140
21.584185620516 38.6299085257998 4.11672761590185 69.672131147541 39.0055966420148 130
20.7727064570295 41.5258755748724 3.90438834493335 74.2213114754098 38.8017189686188 120
21.7850709815295 44.7991105271138 3.51793087177067 71.1885245901639 37.935238856686 100
19.6679896199054 45.1282407641381 3.13041170225316 69.9754098360656 38.5978412952229 80
18.0570905205312 37.4454187092536 2.55957296213283 69.672131147541 36.1513092144713 50
20.7757594260418 41.3994036488604 2.36846761826118 70.4124344262295 34.1145712572457 50
21.0280873149138 39.816167180472 2.1950572136369 77.109737704918 32.8625584649211 50
20.6128835292322 34.9761206852984 1.77568715347411 74.2819672131148 30.3407955226864 40
22.3472752251565 41.9362460201142 1.81903975463018 83.3427213114754 28.4471796921847 50
16.5290795298428 40.063804518118 1.81638551374307 80.6383852459016 24.4589246452129 50
16.8768127003511 42.1339768534897 1.04400141559514 92.1147540983607 24.0919448331001 50
17.4515341169287 41.8812856926265 1.62174118202194 86.976606557377 27.0555106935838 40
22.2643871164708 40.6351392328296 0.597204199598915 79.1768852459016 31.0029902058765 30
22.1088383452908 41.0745691615707 0.717529786481067 84.5934426229508 35.3357985208875 30
20.3136925660205 41.2560014150705 1.32092721481656 83.8228114754098 38.0687787327603 40
17.8346817279805 30.5158690049022 1.07673705320278 82.7355573770492 40.9242894263442 40
22.6414287894978 39.9454187092535 0.943140261885101 81.9245901639344 48.7509494303418 50
22.8156006716532 39.8295598119978 1.31668042939719 88.3237704918033 42.5632620427743 60
16.5905968554419 39.2522868550058 0.500589831308246 91.5688524590164 43.9190485708575 50
17.1004426805068 40.5344418052257 1.06435059572962 96.9672131147541 41.5234859084549 60
17.5083193405587 40.0927376560368 0.818390940191105 91.7508196721311 38.9036578053168 50
22.3675774690887 41.7324505988781 0.680016515276631 86.5950819672131 34.4693184089546 50
20.9277972828576 39.6981604083489 0.011501710510794 87.2622950819672 32.3591844893064 50
18.7452297359182 40.1853489664932 0.907573433997877 84.1263934426229 36.2899460323806 50
17.6621889787819 32.0182443018143 0.680016515276631 90.0548852459016 38.3238297021787 50
21.2341627232484 34.5149593167231 0.781231567771617 86.9286885245902 41.0545672596442 50
21.9226072355366 39.8747915297923 0.872183555503126 90.1106885245902 49.1446372176694 60
17.9969470309876 38.7165815939758 0.789725138610358 86.7085081967213 47.96377773336 50
17.6331857731644 38.9966897457927 1.42090362156423 83.6229508196721 55.3158105136918 50
19.580980003053 31.4549957042503 0.570661790727852 91.6167704918033 46.2636418149111 50
20.5884597771333 38.495603173801 0.722838268255279 87.8712786885246 41.3501898860684 50
17.7801862311098 32.3288017385152 1.3085407573434 85.3364754098361 37.782330601639 40
17.5722790413677 31.5045231717795 0.913943612126932 91.5458032786885 34.1125324805117 50
21.5464814532132 30.144033961692 0.878553733632181 90.2574754098361 28.4243453927643 40
17.0656388337658 34.0145044726335 0.967913176831426 83.8655737704918 22.7157705376774 30
20.4588612425584 35.0953909132259 1.506724076914 84.3053278688525 23.2022226664002 40
18.2376736376126 38.9782432910497 1.3658723605049 87.5959016393443 23.2894823106136 30
21.2173713936804 30.6671046646788 1.66597853014038 81.5 24.703577853288 60
15.963211723401 33.3266791327639 1.91264598324879 80.1049180327869 25.7614991005397 50
20.3136925660205 31.2752059432961 2.00890645275451 84.2446721311475 25.3517049770138 50
18.6209738971149 35.9432961035023 2.04288073610947 79.6196721311475 23.5618628822706 40
21.0844145931919 33.3165714863294 1.99333490621682 75.1390327868853 27.282630421747 50
17.8899404671043 42.0721938646586 2.38881679839566 79.3191229508197 29.7291625024985 60
17.0688444512288 33.9525951382221 2.02872478471157 79.847131147541 31.2582450529682 50
20.9842772095863 38.3998332238338 2.25964374188982 71.9445983606557 33.5008994603238 50
20.6209738971149 39.2522868550058 2.18444025008847 72.0298196721311 36.1513092144713 50
21.3883376583728 38.023702430889 2.3339624867288 74.4032786885246 37.680391764941 50
17.1818043046863 37.1870419972709 2.01740002359325 70.498868852459 37.629422346592 40
16.1921843993283 40.6515641582857 2.3649286304117 72.6063524590164 35.8454927043774 50
16.9650435048084 37.3538181634406 2.21717588769612 70.6426229508197 36.7629422346592 50
20.7714852694245 33.0119522919088 2.40244190161614 73.0054672131148 37.5274835098941 50
16.9517630896046 41.9157780360843 2.63743069482128 73.4558360655738 38.9546272236658 60
20.3947488932987 34.6957598423207 2.305650583933 70.5819672131148 36.6100339796122 50
20.6556250954053 39.7351796634154 2.23575557390586 72.8492786885246 35.7945232860284 40
20.3411692871317 33.7500631727902 2.38350831662145 73.7130163934426 37.833300019988 50
16.2869790871623 41.1760246626573 2.29591836734694 68.4590163934426 35.9984009594243 50
16.8897878186536 34.6411785515743 2.27645393417483 68.8654098360656 36.6100339796122 50
16.5767058464357 34.4075655733562 1.99068066532972 73.2684098360656 36.2022786328203 30
20.6800488475042 37.7531965431849 2.64008493570839 73.4327868852459 38.3939636218269 70
18.8162112654557 38.9917622681559 2.32511501710511 73.0664262295082 38.2920247851289 50
21.81727980461 31.8547531207358 2.35431166686328 77.3581229508197 37.0687587447531 50
20.6095252633186 36.8782533986961 2.28618615076088 71.0975409836066 37.5274835098941 50
18.3326209738971 43.1980593318846 2.28618615076088 77.109737704918 36.7629422346592 50
19.4961074645092 32.7881942689645 2.15789784121741 72.8993196721312 38.5468718768739 40
16.0328194168829 33.2445545054834 2.32511501710511 75.9803278688525 36.1513092144713 50
16.5548771179973 35.1785263051498 2.42243718296567 77.0997295081967 37.0687587447531 50
20.3642192031751 31.8409814524688 4.11407337501475 76.9329262295082 40.9424345392764 150
17.3254464967181 34.5236771617729 2.27468444025009 81.8032786885246 37.1706975814511 40
20.4410013738361 30.8269318239248 2.31538280051905 79.5562868852459 37.986208275035 50
20.6121202869791 37.4300045484409 2.72767488498289 78.5202868852459 38.088147111733 70
18.7640054953442 37.2812958002729 2.61885100861154 76.5262295081967 38.9546272236658 60
16.5078613952068 40.2701268509628 3.07679603633361 79.3770491803279 37.3912932240656 90
19.0354144405434 40.2163036336989 2.66149581219771 75.555737704918 33.8046771936838 60
16.5927339337506 35.4404406933845 2.71174943966026 82.3491803278689 33.0931441135319 60
17.3390322088231 31.3670591802699 3.49669694467382 80.6508196721311 32.38161103338 100
21.8096473820791 40.3965987769748 4.13442255514923 82.3491803278689 29.9350789526284 130
17.0317508777286 30.4472633547279 2.89648460540285 78.9524590163934 27.5625544673196 60
16.6098305602198 32.3377722747258 2.86746490503716 82.8647540983607 25.3457925244853 60
18.4756525721264 34.2369990397736 2.67494396602572 81.1967213114754 23.3371896861883 50
19.0354144405434 34.4517865265073 2.82888993747788 78.8918032786885 23.7904097541475 60
19.849641276141 38.5966796381463 2.81084109944556 86.4737704918033 21.1459124525285 60
18.3907800335827 34.631449941881 3.2089772325115 86.8000983606557 33.6607395562662 80
16.7875133567394 35.4538333249103 3.2204789430223 82.1065573770492 39.6681990805517 80
18.3475805220577 44.1474200232476 4.88468797923794 85.465368852459 55.9068518888667 170
18.8166692108075 36.916283418406 5.32883095434706 82.5008196721311 45.8354987007795 190
16.9926728743703 37.0360590286552 3.23640438834493 80.9516721311475 37.5132120727563 70
17.7368340711342 39.141102744226 3.37354016751209 76.7506557377049 33.5115010993404 80
15.8609372614868 36.8083842927174 3.16120089654359 81.5 29.0359784129522 60
17.1843993283468 33.2244655581948 3.31160788014628 80.4712786885246 30.3721926843894 70
19.061975270951 40.6925001263456 3.21251622036098 80.9920081967213 31.6354187487508 60
20.3747519462677 41.7429372820539 3.41246903385632 75.7377049180328 32.9708175094943 70
19.2573652877423 36.4717996664477 3.2912587000118 85.7489344262295 35.3663801718969 60
21.063959700809 38.0354525698691 3.2514450867052 76.0691885245902 35.8548710773536 60
17.5405281636391 37.8110628190226 3.26737053202784 83.0770491803279 37.4255446731961 60
21.2958326972981 33.8180370950624 2.99132947976879 78.2245901639344 35.0815630621627 60
21.0170966264692 34.8229898418153 2.75032440721953 78.4065573770492 32.4162702378573 60
16.8534574874065 34.5702986809521 2.32069128229326 87.8688524590164 29.7495502698381 50
19.4744313845214 38.0642593622075 2.22973929456176 88.2934426229508 27.674483310014 50
19.2340100747977 39.1668772426341 2.0319098737761 91.5688524590164 26.0275594643214 60
20.6525721263929 36.4846869156517 1.9402500884747 94.3590163934426 20.2386568059164 50
19.2805678522363 37.7664628291302 1.41081750619323 81.6031147540984 27.0239096542075 50
18.6699740497634 39.2639106484055 1.68898195116197 83.3782049180328 33.1583849690186 70
17.4194779422989 36.4050891999798 1.77391765954937 88.0204918032787 38.7099740155906 50
17.0995267898031 39.4177995653712 1.6557154653769 88.0735655737705 41.3591605036978 60
19.4967180583117 31.0252943852024 1.80435295505485 82.4380409836066 50.1548510893464 60
22.4922912532438 32.2811694546925 2.46844402500885 81.8032786885246 53.5726564061563 90
20.5831170813616 34.9950725223632 2.81668042939719 88.6497950819672 53.5214831101339 100
18.6858494886277 40.2154192146359 2.57939129408989 93.5228770491803 45.9515050969418 90
17.8868874980919 37.4828170010613 2.91347174708033 93.6766393442623 40.4123525884469 100
22.0045794535185 37.9842826097943 3.28789666155479 87.259868852459 34.7435338796722 110
19.3143031598229 36.487719209582 2.96691046360741 88.1493852459016 29.6924645212872 100
17.4229888566631 32.7482690655481 2.67016633242893 93.9344262295082 23.9288426943834 80
19.7841550908258 33.2876383484106 3.40185207030789 84.4114754098361 29.5966420147911 110
19.0390780033583 42.8785313589731 3.06387873068302 92.501737704918 58.5399320407755 100
23.2521752404213 35.7199171172992 3.01964138256459 89.3321721311475 63.2806995802518 110
18.0697603419325 34.9246980340628 3.43989618968975 96.2090163934426 59.0059964021587 140
20.1274614562662 38.0317885480366 4.56794856670992 90.9319672131148 59.801119328403 190
18.375057243169 34.2656794865316 3.9680901262239 87.1713114754098 56.6206276234259 160
22.1546328804763 39.103325415677 3.94331721127757 100 56.6206276234259 160
22.1821096015875 34.9099156011523 3.01964138256459 86.2614754098361 65 130
23.8771179972523 44.9277303279931 3.36557744485077 93.9950819672131 58.9856086348191 150
20.8952831628759 34.6442108455046 3.27090951987732 85.0362295081967 56.7325564661203 140
23.0125171729507 42.0306261686966 3.12138728323699 94.5437131147541 47.429822106736 130
23.0125171729507 44.1709203012079 3.01167865990327 97.225 41.1870877473516 130
23.8737597313387 40.2686107039976 3.65312020762062 95.572131147541 32.6242254647212 150
20.0267134788582 37.110350229949 2.72165860563879 82.3067213114754 33.5861203278033 80
19.0009158907037 39.8082074089048 2.45676536510558 95.9087704918033 35.5831021387168 80
22.4385589986262 33.8573305705766 2.62946797215996 89.9918032786885 39.3114131521087 70
22.6095252633186 39.7576691767322 2.45517282057332 93.0015409836066 35.2542474515291 70
19.9961837887345 36.2851872441502 2.55161023947151 89.1350409836066 35.1625024985009 70
18.149137536254 34.0027543336534 2.26937595847588 96.0573770491803 32.532480511693 60
21.5379331399786 38.81146712488 1.98006370178129 86.5219918032787 31.0135918448931 60
20.6495191573806 40.3935664830444 2.20567417718533 92.1174836065574 29.1684989006596 50
18.2987330178599 41.8293576590691 2.09242656600212 92.3877049180328 26.9462322606436 50
20.4194779422989 33.3624349320261 1.93848059454996 90.8282459016393 28.4753148111133 50
19.2830102274462 41.5615050285541 1.37047304470921 94.3417295081967 28.6588047171697 30
16.6108990993741 41.7919593672613 1.28058275333255 81.1967213114754 29.301019388367 20
17.5750267134789 30.3461868903826 1.92432464315206 85.9154344262295 30.7485508694783 40
17.5538085788429 36.8251882549148 1.61820219417247 95.9087704918033 31.574255446732 50
18.6788276598993 43.1096174255825 1.71021587825882 91.5688524590164 32.634419348391 50
18.5035872385895 33.1273058068429 2.02023121387283 92.8195737704918 33.1950829502299 50
16.6867653793314 35.2516803962197 2.01987731508788 92.9869836065574 33.6028382970218 60
18.6376125782323 41.86182847324 1.68721245723723 81.5 35.662002798321 50
18.1430315982293 39.9308889675039 1.79515158664622 85.8244508196721 35.9474315410754 60
17.6347122576706 35.9348309496134 1.7771027486139 92.2591147540984 35.8964621227264 50
18.7643107922455 37.8657704553495 1.78807361094727 90.4467213114754 36.7119728163102 40
16.1720348038467 36.4927730327993 1.86062286186151 82.5614754098361 36.7629422346592 50
17.9166539459624 42.995906403194 1.74914474460304 94.844262295082 36.7629422346592 50
16.1665394596245 41.7572143326426 1.76860917777516 88.0204918032787 38.9036578053168 50
20.3947488932987 38.9701571739021 1.25103220478943 90.75 36.6100339796122 50
16.1581437948405 38.7174660130389 1.42355786245134 94.5409836065574 38.5468718768739 40
15.9876354754999 38.055036134836 0.759112893712398 94.2377049180328 37.884269438337 30
15.5205312166082 34.6792085712842 1.16521174943966 86.2893770491803 35.1349790125924 30
18.3077392764463 33.704326072674 0.864397782234281 89.6102786885246 32.5094423345992 40
21.6692108075103 39.7879921160358 0.99357083874012 90.1737704918033 30.5854487307615 50
16.4208517783545 35.7779097387173 0.9006724076914 87.6238032786885 28.4471796921847 50
20.6800488475042 42.1339768534897 1.23245251857969 86.4558770491803 27.178652808315 50
21.4145931918791 33.909258604134 1.10504895599858 95.2385245901639 24.4793124125525 50
16.9879407724012 31.1157578207914 1.17052023121387 92.5517786885246 22.8992604437338 60
19.4017707220272 38.1739273260221 0.882092721481656 92.1174836065574 24.1938836697981 50
19.8546786750114 33.6046394097134 1.38374424914474 91.9782786885246 20.717769338397 50
21.1399786292169 35.4160559963612 0.816621446266368 87.3205245901639 22.8482910253848 40
21.1431842466799 36.2729317228483 0.937831780110888 84.706868852459 20.2488506895862 50
21.271103648298 41.4085005306514 1.27226613188628 83.1983606557377 23.6128323006196 50
17.378262860632 39.2938545509678 0.926860917777516 85.9885245901639 23.6128323006196 50
15.7495038925355 38.9917622681559 0.471216232157603 94.3590163934426 22.8482910253848 50
20.137536254007 39.0198109870117 0.613129644921553 83.9868852459016 22.4405356785928 30
16.1616547092047 41.8093950573609 0.488557272620031 93.7524590163934 18.6178293024185 30
17.9201648603267 40.6010259261131 0.940132122213047 93.7524590163934 18.6178293024185 30
16.734086399023 42.3147773790873 0.882977468444025 84.5934426229508 22.8482910253848 50
19.489390932682 34.7806640723707 0.534210215878259 90.1737704918033 27.8895742554467 50
18.1466951610441 30.5909182796786 1.12628288309543 95.4508196721311 32.5467519488307 40
17.4315371698977 36.8277151665235 1.46248672879556 84.8967213114754 38.6182290625625 60
20.584948862769 38.0360842977713 0.775923085997405 83.5016393442623 47.2862922246652 60
17.9836666157839 33.5692626471926 1.01321222130471 91.5688524590164 45.5276434139516 50
19.6576095252633 38.1739273260221 1.69252093901144 83.1983606557377 51.1567059764142 50
21.217524042131 36.3681962904938 1.02931461601982 87.383606557377 52.4003597841295 50
16.9737444664937 43.3244049123162 1.55237702017223 92.9408852459016 59.0365780531681 40
17.9094794687834 42.5214787486734 1.60404624277457 89.7643442622951 52.1862882270638 70
17.7491985956343 39.7461717289129 1.26147221894538 90.7020819672131 57.374975014991 50
18.4742787360708 36.9650528124526 1.31084109944556 87.987737704918 59.8622826304218 50
21.7322546176156 39.0741395865973 1.54565294325823 85.8672131147541 52.8081151309215 70
20.301480689971 41.7146358720372 2.01810782116315 92.420762295082 47.1584609234459 60
19.3123187299649 39.4292970131905 1.52689630765601 93.8507213114754 41.8857765340796 70
18.291100595329 33.0431596502754 1.65359207266722 93.2672131147541 37.5172896262243 60
20.5454129140589 39.5217819780664 1.7548071251622 84.373262295082 32.8252488506896 50
19.2378262860632 43.1034264921413 1.91618497109827 94.0730245901639 26.0287827303618 60
19.5544191726454 34.905746196998 1.78984310487201 95.1475409836065 18.9746152308615 60
21.8223172034804 42.8765098296862 2.42686091777752 88.6801229508197 19.3823705776534 80
21.2217981987483 44.7297468034568 2.7984546419724 87.6844590163934 24.6322206675994 100
18.8305602198138 32.086344569667 2.38262356965908 88.9 18.9746152308615 60
16.4058922301939 41.2084954768282 2.60823404506311 82.3209754098361 20.9624225464721 70
16.7111891314303 35.7611057765199 2.53303055326177 90.9999016393443 20.7585448730762 60
16.8711647076782 32.3939960580179 2.71440368054736 85.5032786885246 18.9746152308615 60
19.2024118455198 41.7300500328499 2.64627816444497 79.3770491803279 22.6953827703378 50
20.435811326515 33.7801334209329 2.75333254689159 89.9614754098361 24.2244653208075 50
16.755304533659 30.5736089351594 2.66839683850419 88.7786885245902 21.1866879872077 40
21.742482063807 35.8163187951685 2.87985136251032 79.9229508196721 22.9094543274036 50
18.9337505724317 36.6998534391267 3.52394715111478 81.0147540983607 24.1225264841095 70
19.2340100747977 38.8430535199879 3.262946797216 86.7467213114754 25.6516090345793 60
21.5626621889788 38.2186536614949 3.47351657425976 78.5885245901639 22.8209714171497 60
21.2021065486185 31.6424925456108 3.69824230270143 77.5573770491803 25.5402918249051 80
21.6646313539918 42.7706322332845 4.23882269670874 76.5110655737705 25.9064561263242 80
21.6646313539918 39.7356850457371 3.87784593606229 69.4598360655738 26.0214431341195 80
18.2645397649214 34.3347905190276 4.23616845582163 67.5340163934426 27.167847291625 90
17.7797282857579 36.5004801132056 4.40073139082222 67.2459016393443 28.3733759744154 90
21.1379941993589 33.5000252691161 5.05809838386222 69.3157786885246 30.2408954627224 100
18.542970538849 40.0204679840299 4.65960835201133 67.3490163934426 30.772608434939 80
20.5048084261945 38.7955475817456 4.19104636074083 72.5532786885246 32.8892664401359 90
20.1616547092047 41.039824126952 4.63200424678542 71.7119836065574 34.2611593044173 80
20.3126240268661 31.1977561024915 4.00241830836381 74.951606557377 35.3472156705976 80
20.614562662189 34.1555061403952 4.21228028783768 77.5573770491803 36.7629422346592 80
21.3694092504961 39.073760549856 3.92119853721836 78.4441639344262 36.7629422346592 80
16.6910395359487 41.3703441653611 4.12645983248791 76.1346967213115 36.9668199080552 90
20.6128835292322 34.1333956638197 3.85572726200307 70.9004098360656 39.3114131521087 70
16.8352923217829 36.1959872643655 3.42485549132948 68.1332950819672 36.6100339796122 50
18.7995725843383 36.4486784252287 3.63807950926035 66.995393442623 36.8139116530082 60
21.2167607998779 32.9384191640976 4.04594785891235 65.3352459016393 38.8526883869678 70
21.8223172034804 41.7085712841765 4.07302111596083 65.5293442622951 42.1006636018389 80
18.3216302854526 41.0188507606004 3.59295741417954 66.7382131147541 44.8982730361783 70
20.7975881544802 35.9435487946632 3.33903503597971 72.644262295082 57.7113731760943 80
16.3417798809342 33.9910041946733 2.97133419841925 71.1305983606557 59.9676873875675 70
19.849641276141 33.6505028554101 2.81579568243482 72.3027704918033 48.9130321806916 70
22.0538849030682 41.6061050184465 2.87808186858558 74.494262295082 49.4033579852089 80
18.0544954968707 38.585182190327 2.29556446856199 82.9426967213115 42.6391045372776 70
18.6421920317509 36.6677616616971 2.5537336321812 81.4772540983607 39.721411153308 80
21.9775606777591 31.9194420579168 2.35962014863749 87.0803278688525 38.5978412952229 80
22.7047778965043 40.8485369181786 3.6566591954701 82.2760901639344 38.9546272236658 150
18.0947946878339 33.3692575933694 2.44278636310015 84.0475409836066 38.3429942034779 120
17.2527858342238 42.0509678071461 1.69676772443081 90.6617459016393 34.5496462122726 110
21.236299801557 34.433845454086 2.24247965081987 85.6424836065574 31.2757785328803 100
17.0804457334758 40.2774548946278 2.38970154535803 86.4131147540984 27.2112732360584 110
17.2134025339643 35.3532622428867 2.59991742361685 88.8417704918033 22.8686787927244 130
21.6745535032819 42.2224187597918 2.28494750501357 92.3749672131148 19.8039896062363 140
21.7336284536712 42.8032293930358 1.53415123274743 96.1786885245902 14 110
19.8575789955732 40.1900237529691 1.60599268609178 97.570737704918 19.453727763342 100
23.3043810105327 39.1029463789357 2.14055680075498 96.4646803278688 17.1091345192884 100
20.3549076476874 42.439985849295 1.56688687035508 91.3565573770492 20.4935038976614 110
17.2417951457793 33.2675494011219 2.16037513271204 95.9130163934426 22.5424745152908 110
25 39.7348006266741 3.92792261413236 95.7365081967213 26.0389766140316 190
20.284689360403 35.1845908930106 2.29698006370178 96.1656475409836 25.5496701978813 100
18.2590444206991 38.3029261636428 2.1525893594432 86.852868852459 25.4477313611833 90
20.4205464814532 37.4452923636731 2.23681727026071 86.2739098360656 28.1491105336798 90
19.3813158296443 30.9501187648456 1.74436711100625 84.0554262295082 28.4753148111133 80
20.3762784307739 31.3061606105018 1.46248672879556 93.6311475409836 29.097141714971 70
17.0447259960311 34.3613230909183 1.86787778695293 94.0860655737705 26.5690585648611 70
21.656540986109 39.3259463283974 1.05621092367583 81.1967213114754 26.8952628422946 70
16.2231720348038 33.4479708899783 1.14397782234281 94.6926229508197 24.1225264841095 60
22.0538849030682 35.5617324505989 0.676831426212103 81.9549180327869 23.1031381171297 30
17.1996641734086 35.6072168595543 0.572962132830011 90.552868852459 20.9828103138117 30
20.2144710731186 39.4100924849649 1.04665565648225 95.1475409836065 19.6372176693984 30
16.0267134788582 33.2798049224238 0.620207620620502 94.055737704918 27.180691585049 40
16.8064417646161 37.2593116692778 0.659136486964728 85.9885245901639 33.6538077153708 50
16.6269271866891 31.5147571637944 1.14220832841807 87.6868852459016 39.6172296622027 60
16.7820180125172 35.0578662758377 0.776807832959774 91.5688524590164 44.8161103337997 50
20.671347885819 34.5198867943599 1.07319806535331 85.9885245901639 56.7429542274635 50
19.095557930087 32.1840097033406 0.838740120325587 95.7540983606557 61.0753547871277 50
21.6911921843993 36.3172790215798 0.960658251740002 91.1594262295082 56.7327603437937 50
16.7282857578996 36.3930863698388 1.59555267193583 89.3852459016393 47.8538876673996 50
21.7485880018318 31.3606155556679 1.50583932995163 88.9909836065574 42.0433739756146 50
21.1379941993589 33.1559862536009 1.46814910935472 85.927868852459 35.0197881271237 50
20.333078919249 34.2997927932481 1.56370178129055 85.8672131147541 29.8820707575455 60
18.7978934513815 30.4902208520746 1.40055444142975 83.8959016393443 21.9614231461123 50
18.7907189742024 38.5220094001112 1.43063583815029 90.0952213114754 25.5904457325605 60
19.6487559151275 33.1559862536009 1.20414061578389 87.7702868852459 22.5934439336398 50
17.393833002595 35.6403194016273 1.08558452282647 89.4762295081967 23.5516689986008 40
19.4420699129904 30 0.806889229680312 84.2070655737705 23.2050769538277 30
18.4055869332926 42.0230454338707 0.759112893712398 87.6286557377049 23.7147711373176 30
20.5785376278431 35.7162530954667 0.237112185914828 91.144262295082 25.1521087347591 30
18.2315676995878 34.9727093546268 0.727792851244544 90.4694672131148 27.4663242054767 60
18.6650892993436 34.7624703087886 0.924560575675357 92.9363360655738 30.1389566260244 50
15.8716226530301 39.0358568757265 1.69252093901144 91.6598360655738 31.8596841894863 60
16.8791024271104 38.7831657148633 1.24129998820337 91.2225081967213 33.7969298420947 50
21.5196153259044 40.6434780411381 0.921375486610829 88.2352131147541 34.8420067959224 50
19.3069760341933 39.4219689695255 1.21652707325705 82.4098360655738 37.0687587447531 50
17.1262402686613 34.8750442209531 0.918190397546302 89.1047131147541 38.6997801319208 40
16.1415051137231 35.418330216809 1.60475404034446 83.9283524590164 36.5080951429143 60
17.9558845977713 42.8569262647193 0.570661790727852 84.9270491803279 36.3042174695183 50
19.9520683865059 42.4958305958458 0.734516928158547 82.3067213114754 37.73136118329 60
16.537780491528 34.3250619093344 0.608175061932287 94.5085327868853 37.680391764941 50
19.4819111586017 33.086369838783 1.17052023121387 91.5688524590164 36.1513092144713 50
21.1379941993589 42.7432152423308 1.10009437300932 85.8038278688525 34.8668798720768 40
21.1502060754083 36.4927730327993 0.576324171287012 87.6238032786885 34.2552468518889 50
18.1582964432911 39.3662505685551 1.03073021115961 93.3885245901639 32.5732560463722 50
16.1860784613036 41.3564461515136 0.549427863631002 81.6031147540984 30.5446731960824 30
20.9227598839872 35.058245312579 0.89784121741182 87.6844590163934 29.5252848291025 40
17.2607235536559 39.7967099610856 0 96.0573770491803 26.9054567259644 30
18.5277056937872 32.2179966644767 1.36941134835437 87.987737704918 27.6801918848691 50
